9120664908
9120664913
9120664938
9120665026
9120665041
9120665047
9120665067
9198500130
9198500132
9198500133
9198500134
9198500137
9198500138
9198500140
9877900386
9198500145
9877900787
9198500146
9198500164
9877901087
9198500165
9877901171
9877901541
9198500166
9198500167
9877901548
9867900074
9198500168
9877901554
9867900076
9877901558
9198500170
9867900093
9877901559
9198500176
9867900094
9877901560
9198500195
9867900095
9198500199
9877901561
9198500203
9867900096
9877901567
9867900098
9877901568
9198500204
9867900105
9198500211
9877901569
9867900121
9198500213
9877901571
9867900135
9198500214
9877901573
9867900136
9198500242
9877901575
9867900137
9198500247
9877901576
9198500251
9877901577
9867900138
9198500254
9867900144
9877901588
9867900180
9877901589
9198500276
9867900224
9198500278
9877901594
9198500281
9877901595
9867900235
9877901601
9867900261
9877901618
9867900266
9877901619
9867900270
9877901623
9867900302
9867900327
9877901624
9877901628
9867900354
9867900366
9877901638
9867900379
9867900460
9867900466
9867900518
9867900520
9867900536
9120665083
9878500620
9120665089
9878500871
9120665117
9878501099
9120665121
9878501118
9120665122
9120665123
9878501154
9120665125
9878501159
9878501170
9120665140
9878501187
9120665153
9120665164
9878501205
9120665185
9878501207
9878501210
9120665187
9120665191
9878501217
9878501222
9120665194
9878501240
9120665201
9120665202
9878501249
9120665211
9878501258
9120665227
9878501273
9120665234
9878501274
9123401084
9120665238
9878501278
9123401871
9120665240
9878501292
9123401872
9120665242
9878501300
9123401899
9120665250
9878501327
9123401901
9878501329
9123401905
9878501332
9878600157
9123401925
9878600542
9878501333
9123401928
9878600667
9878501337
9123401943
9878501345
9878600751
9123401947
9878501347
9878600964
9123401953
9878501369
9878601684
9123401978
9878602425
9878501397
9123401993
9878602713
9123401994
9878603062
9128400051
9123402014
9128400415
9123402021
9878603866
9878603867
9128400436
9123402026
9878603931
9128400441
9123402028
9878603975
9128400452
9123402039
9878603999
9128400464
9123402047
9878604034
9128400471
9123402050
9123506208
9878604134
9128400472
9123402053
9123506249
9878604152
9128400492
9123402057
9878604222
9123506634
9128400497
9123402071
9878604229
9123506877
9128400511
9123402073
9123506892
9878604258
9128400547
9123506941
9123402077
9878604319
9128400560
9878604320
9123506988
9123402079
9128400585
9123506993
9878604333
9123402102
9128400588
9123506997
9123402104
9878604387
9128400601
9123402109
9123507004
9878604394
9878604429
9128400616
9123507054
9123507081
9128400618
9878604452
9878604461
9123507094
9128400622
9878604471
9128400633
9123507101
9128400667
9123507111
9878604595
9128400677
9123507113
9128400712
9123507129
9128400787
9123507135
9128403037
9123507162
9128403184
9123507187
9128403190
9123507233
9123507245
9128403222
9123507260
9128403287
9877800170
9123507295
9128403291
9877800201
9123507310
9877800240
9123507318
9877800247
9123507384
9877800255
9123507435
9877800297
9123507438
9877800299
9123507441
9877800342
9198400618
9877800376
9198400671
9871150695
9877800403
9198401231
9871151064
9877800415
9198401248
9871151296
9877800417
9198401309
9871151346
9877800419
9198401315
9871151363
9877800423
9198401445
9871151405
9877800434
9198401502
9871151412
9877800436
9198401534
9871151447
9877800479
9198401539
9871151449
9877800480
9198401565
9871151461
9877800494
9198401598
9871151465
9877800517
9871151466
9198401635
9877800577
9871151471
9877701554
9198401642
9871151475
9877800592
9198401654
9877702695
9877800602
9871151481
9877703255
9198401674
9871151497
9877800671
9198401715
9877705822
9871151502
9877800690
9877705826
9198401734
9871151504
9877800694
9877705829
9198401773
9871151529
9877800697
9877705830
9198401774
9871151534
9877800728
9877706365
9198401779
9871151540
9877800731
9877707290
9198401786
9871151542
9877800762
9877707293
9198401815
9871151547
9877707336
9198401831
9871151549
9877707344
9198401832
9871151562
9877707433
9198401833
9871151568
9871151573
9198401836
9877707523
9877707588
9198401837
9871151576
9877707662
9198401853
9871151580
9877707692
9198401864
9871151583
9877707698
9877707819
9877707855
9877707921
9877707961
9877707988
9877708206
9877708331
9877708441
9877708672
9877708740
9877708819
9877709014
9198600076
9198600113
9198600114
9198600115
9198600117
9198600119
9198600127
9198600141
9198600152
9198600180
9198600183
9198600194
9198600219
9198600223
9198600229
9198600230
9198600232
9198600234
9198600240
9198600248
9198600249
9198600265
9198600273
9198600278
9198600286
9198600290
9198600298
9198600299
9198600308
9878900121
9198600312
9878900128
9878900144
9878900158
9878900162
9878700132
9878900173
9878700133
9878900187
9878700341
9878900197
9878700355
9878900216
9878700364
9878900218
9878700394
9878900223
9878700417
9878900232
9873400341
9878700422
9878900235
9873401460
9878700439
9878900254
9873402092
9878700493
9878900255
9873402550
9878700497
9878900262
9878700504
9873402667
9878900295
9873402819
9878700520
9878900298
9878700549
9873402831
9878900321
9878700614
9873402973
9878900325
9873403374
9878700671
9878900348
9878700691
9873404596
9878900362
9873404797
9878700722
9878900395
9873404942
9878700842
9878900421
9873404968
9878700845
9878900452
9873405012
9878700871
9878900455
9873405032
9878700873
9878900471
9873405037
9878700896
9878900526
9873405100
9878700936
9878900536
9873405116
9878700961
9878900583
9873405138
9878700973
9873405142
9878700977
9873405199
9878700980
9873405200
